402000
400174
401846
401351
402291
401817
400264
400869
401845
400581
402290
401816
401949
407323
404640
404585
401538
409526
401507
407374
404586
401489
409529
401926
400528
400823
400687
401464
409525
401937
407348
400499
400274
413026
409528
401948
407325
400673
400970
402119
409524
401534
407367
400084
402288
402118
401936
407342
400560
400096
402289
402117
401998
407328
400429
400973
400088
402059
400435
407352
400414
400201
400238
402058
404522
407335
400292
400567
402286
402057
404554
407360
400714
400449
402287
402056
400545
407336
401400
400104
402120
400563
400743
407361
401388
401014
402285
400236
400330
402060
407711
400296
402283
400916
401997
402061
407710
400158
402284
400065
401996
407337
405701
400873
402281
400258
404553
407339
401167
413845
402282
400995
400904
407364
401163
402121
404453
400790
407341
403419
401541
404461
400168
407372
401327
400971
400664
400643
407373
414694
400122
400837
400794
407331
403414
404759
400654
400246
407321
413877
400045
400040
400069
407370
402067
400479
400418
401994
407344
401942
400030
400257
400372
400677
401943
401560
401597
400353
400209
403412
401440
401606
404521
400185
414284
403225
404452
400206
400648
403409
403265
405619
400895
400507
413878
400343
401567
400227
400828
401810
400508
401457
400586
401210
401811
400253
400178
400964
401224
403406
400147
400457
400172
400952
400953
400709
404462
400760
400097
400799
400057
404451
400911
400222
403404
400514
401957
400863
400582
403401
400723
401958
404753
400688
403402
400951
401129
400394
400213
401809
408911
401154
400001
400464
401808
408907
405613
400922
400907
401655
401611
400842
400965
400822
401391
404370
400280
400109
400792
401403
400100
401495
402362
400485
400665
400221
402363
400934
400298
400668
400017
407173
400436
400440
400713
407172
403329
400996
400700
407165
400278
400160
400336
407194
400240
401890
400772
400535
400073
401891
400148
407167
400715
400400
400717
407196
400832
402361
400750
407197
400649
400804
400059
407170
404378
401906
400461
407176
401908
400690
407177
402359
400052
407202
402360
400085
407204
401555
407179
400268
407180
400637
407206
400519
407181
400145
407207
400754
407187
400444
407157
400577
407155
407186
407153
407200
407174
407161
407191
407190
407151
407185
407150
407184
407148
403237